AnimationFolder = ./animation/machine3/
UniqueSymbol = N03G03_
KContractMemb=9 
MembrStiff =600 
MembrStiff_Mitotic =600
IntraCell_U0 =12.8 #0.78125 #0.78125  #2.0 #0.488    #0.05   #3.66 #9.375 #1.25 # 0.05
IntraCell_V0 =9.6 #0    #0.146484 #0.015  #2.44 #6.25   #0.375 # 0.015
IntraCell_k1 =0.224 #0.125 #0.125 #0.3125   #0.1      #0.2344 #0.375  #0.5 # 0.1
IntraCell_k2 =3.36     #0.4    #0.625 #1.0 # 0.4


