AnimationFolder = ./animation/machine2/
UniqueSymbol = N02G03_
KContractMemb=1.359 
MembrStiff =600 #200 #100 # 50
MembrStiff_Mitotic =600 #200 #100 # 50
IntraCell_U0 =22.876 #0.78125 #0.78125  #2.0 #0.488    #0.05   #3.66 #9.375 #1.25 # 0.05
IntraCell_V0 =17.157 #0    #0.146484 #0.015  #2.44 #6.25   #0.375 # 0.015
IntraCell_k1 =0.299 #0.125 #0.125 #0.3125   #0.1      #0.2344 #0.375  #0.5 # 0.1
IntraCell_k2 =4.492     #0.4    #0.625 #1.0 # 0.4


